1000
83 39 80
0 55 55
72 69 8
64 76 28
41 85 26
44 27 57
75 2 67
83 77 98
28 9 52
70 59 36
82 98 10
25 55 35
67 77 35
87 70 20
98 39 27
39 68 98
58 85 42
69 11 77
81 79 13
94 29 22
78 23 25
80 32 67
4 78 15
48 62 3
31 9 97
15 48 19
92 40 17
91 25 16
18 69 54
84 69 3
2 9 3
42 67 86
34 92 69
97 10 17
59 30 95
46 60 87
76 84 67
11 78 3
84 38 75
11 30 40
72 73 82
61 55 7
25 25 97
52 79 95
22 28 37
0 27 62
98 13 29
87 37 36
73 4 82
100 63 3
90 69 64
11 45 87
23 65 87
67 56 15
4 99 34
1 95 53
45 58 69
96 80 66
8 90 85
80 65 25
19 71 93
78 28 94
57 59 38
52 79 8
88 93 40
34 72 75
82 47 46
53 86 23
31 10 68
43 30 26
42 73 40
78 53 78
51 82 15
54 73 68
50 36 93
77 97 48
18 61 15
14 58 26
83 45 78
66 15 25
78 71 68
46 54 18
51 9 46
37 87 8
25 61 69
5 95 26
34 67 6
98 31 67
50 20 90
73 41 26
59 19 85
41 97 37
69 26 21
74 35 91
47 12 95
70 57 74
82 97 70
45 83 96
40 9 35
4 11 83
3 8 88
50 66 61
82 87 30
16 53 10
76 87 22
95 59 36
33 58 9
100 89 79
87 21 91
10 67 92
14 63 94
24 57 38
22 89 58
40 31 94
89 99 82
75 33 74
2 1 3
33 20 79
73 6 68
52 44 12
34 68 35
61 56 2
76 45 72
8 34 45
15 29 66
63 75 34
4 47 5
67 10 77
10 87 38
72 82 11
17 73 94
99 26 64
39 62 18
94 41 86
0 99 43
52 58 41
87 57 12
25 18 17
15 81 30
29 16 45
15 19 12
82 86 16
52 29 5
97 69 86
54 8 62
79 67 41
73 35 23
49 48 55
33 84 61
55 48 15
88 40 84
43 48 99
100 66 7
18 22 25
27 23 72
75 23 60
99 35 58
43 82 18
73 79 96
38 36 53
99 10 38
93 92 92
32 60 75
98 4 46
27 97 67
67 5 11
68 23 92
5 97 10
75 79 54
48 19 14
82 24 95
89 21 73
81 16 88
85 70 9
57 48 78
29 21 13
22 42 25
17 55 29
39 62 100
5 42 25
35 97 48
20 2 14
97 44 60
84 32 46
88 98 54
28 16 5
4 8 40
25 40 82
61 6 25
67 67 62
52 91 16
61 11 97
55 94 1
17 26 74
40 58 61
77 75 10
22 64 65
5 98 52
10 22 75
99 3 95
4 57 29
72 45 65
7 68 97
29 94 95
38 3 52
100 70 91
30 17 52
39 94 64
16 66 92
0 2 42
100 87 47
82 19 81
58 36 22
81 88 84
76 77 73
94 7 87
36 69 53
36 60 91
36 65 62
63 97 5
35 99 22
73 5 80
2 64 93
84 98 25
5 5 86
42 93 63
0 20 21
65 77 76
13 62 69
23 68 11
13 46 10
11 97 8
100 64 45
7 56 41
37 56 98
74 86 76
50 91 58
51 39 32
78 28 15
87 20 40
29 71 99
35 55 45
53 46 81
25 54 15
22 4 96
25 74 22
51 57 31
38 4 1
92 80 87
38 13 25
22 61 99
83 15 78
60 86 100
35 68 35
75 97 39
86 7 52
55 68 37
55 3 20
57 38 52
77 75 53
82 65 54
98 28 93
55 36 81
71 75 75
51 36 99
52 33 14
44 31 91
44 60 67
16 12 2
83 25 47
99 8 69
35 29 87
5 20 37
50 58 100
5 34 58
44 88 41
98 55 70
12 83 57
4 86 31
89 86 90
69 25 52
28 44 77
0 53 42
49 32 95
40 5 31
67 45 84
52 37 89
7 79 5
0 32 79
95 62 96
3 38 18
1 7 59
8 31 78
70 91 100
38 18 74
16 96 54
22 21 46
1 69 27
76 85 40
6 54 76
44 52 32
79 69 11
8 61 41
42 7 15
46 100 56
25 65 34
84 90 42
54 6 54
1 81 66
55 99 81
1 52 5
32 96 39
13 17 1
7 38 80
90 47 68
75 53 41
90 70 34
8 100 13
47 39 84
99 61 22
97 70 4
35 43 32
26 91 40
72 17 12
16 43 68
48 86 21
51 61 95
95 82 27
36 87 6
63 4 15
48 52 2
75 91 13
45 3 87
8 67 44
20 73 91
43 97 35
14 36 81
100 33 89
12 7 78
37 33 85
46 83 61
57 66 7
41 12 92
94 30 67
18 66 28
23 21 97
81 30 41
45 24 7
98 57 37
49 35 2
61 18 70
96 55 72
54 84 33
100 61 33
98 41 60
65 81 74
96 31 25
57 75 37
51 37 95
85 86 56
82 93 96
56 91 37
65 39 45
55 94 27
4 79 33
53 97 9
59 75 32
56 22 38
32 67 10
23 1 19
91 83 54
60 98 27
90 63 36
97 40 88
43 82 22
39 42 75
18 13 17
90 16 86
13 55 55
55 82 52
11 60 98
76 70 22
36 22 35
47 25 9
21 61 42
65 34 26
17 6 40
12 72 83
51 16 83
6 54 76
23 8 13
18 18 95
84 63 8
98 38 32
89 41 20
59 78 24
2 32 95
93 21 57
75 40 70
54 28 31
73 91 41
45 24 72
80 5 56
80 70 89
90 37 82
14 19 22
40 32 40
84 75 56
17 2 33
5 47 9
73 81 29
33 44 96
21 28 21
12 25 45
76 41 73
3 66 73
90 93 62
46 69 58
45 19 56
19 95 1
32 47 87
65 70 12
28 13 37
17 89 70
96 97 9
34 10 100
32 71 93
42 93 80
15 14 85
21 53 4
13 42 34
34 21 80
54 47 14
43 72 63
17 31 57
47 74 14
74 29 63
20 46 63
97 88 98
12 8 16
41 88 72
37 62 67
57 27 68
63 47 47
29 36 86
60 29 94
33 12 86
52 68 11
84 48 1
95 92 84
47 27 8
4 80 61
38 13 28
82 20 52
12 71 89
31 83 25
34 16 89
93 68 55
52 96 17
91 35 47
32 98 7
75 63 74
16 11 38
84 93 54
22 2 57
7 72 10
100 74 54
38 10 22
100 84 72
40 76 92
58 63 62
71 75 25
72 96 80
32 81 7
64 15 25
51 52 94
67 43 16
65 48 46
74 98 45
28 14 70
32 14 83
1 42 57
70 70 72
58 99 46
47 27 41
38 8 35
44 33 42
3 89 85
8 7 32
91 86 32
52 22 97
49 79 11
65 88 97
9 67 98
68 76 65
57 98 14
26 20 90
37 13 100
100 66 13
55 93 15
48 69 67
75 18 15
41 35 64
62 17 11
37 26 33
30 57 67
100 28 10
26 57 61
67 1 56
61 65 100
79 7 62
64 70 73
9 72 95
81 14 29
100 47 93
53 48 96
83 56 97
20 71 63
60 34 72
62 86 17
48 38 28
59 75 48
16 86 46
31 30 58
2 76 15
71 87 7
58 16 65
28 74 83
95 29 87
15 70 53
41 9 44
70 88 73
0 89 69
67 14 93
72 15 93
19 25 7
10 34 81
79 46 84
87 63 13
6 56 93
84 24 17
77 89 85
46 100 80
100 68 14
5 66 37
85 93 63
93 8 68
0 34 29
54 93 10
72 9 77
0 39 48
1 28 70
72 68 30
99 60 89
27 65 77
7 78 53
67 83 21
60 38 13
71 28 4
2 35 88
54 98 4
19 57 99
82 55 91
10 32 14
46 38 10
87 78 17
92 67 54
6 37 12
90 78 19
43 99 74
61 38 36
100 45 18
47 85 3
91 61 19
100 55 38
42 33 100
51 32 31
98 69 74
33 17 14
28 1 34
38 68 94
10 86 69
25 47 39
13 21 19
19 15 33
41 58 27
13 9 38
77 91 2
41 54 55
78 12 41
14 46 40
10 55 4
91 2 12
61 29 41
35 72 76
7 13 7
14 65 87
33 35 34
88 56 9
40 29 7
17 63 22
87 28 17
2 77 57
45 38 11
58 18 38
28 100 1
9 67 78
0 42 24
15 72 4
33 24 78
81 45 30
56 56 52
38 73 58
19 90 69
100 1 1
16 48 34
88 17 98
16 5 23
68 13 87
25 23 43
99 99 99
57 28 81
75 69 6
87 5 14
28 96 15
72 84 72
53 77 48
59 60 85
37 3 58
55 80 45
8 58 1
67 23 25
77 31 9
35 81 8
84 63 23
2 98 62
24 60 67
44 4 23
86 25 64
48 55 54
36 4 21
49 37 81
30 86 56
90 67 82
48 16 37
13 47 81
21 81 30
19 32 69
76 21 60
15 87 67
97 58 73
63 18 95
39 5 87
53 70 66
49 47 74
20 11 46
12 24 3
35 8 16
79 48 76
26 7 46
50 22 62
19 78 93
6 27 73
39 12 84
22 34 52
53 90 67
28 58 46
3 19 75
93 5 46
25 69 7
76 23 47
18 75 8
12 59 63
31 20 6
19 7 99
98 83 39
2 67 55
9 77 77
1 97 39
73 44 1
84 70 75
27 5 38
10 5 43
41 31 52
84 71 12
49 60 88
24 81 77
36 98 30
80 46 30
38 42 11
77 61 9
90 98 72
26 92 27
62 87 92
52 23 15
85 33 65
51 76 26
92 31 9
70 15 34
37 43 86
13 64 42
10 55 27
53 5 47
82 70 56
24 100 35
28 12 87
8 88 1
60 4 61
16 58 42
58 20 9
2 47 93
24 26 19
56 35 42
92 4 28
36 41 40
45 39 5
7 34 65
99 13 4
43 86 20
81 3 94
20 18 1
72 53 57
93 62 100
60 57 42
5 77 3
79 70 92
75 68 11
66 25 14
22 75 38
6 45 79
35 87 31
47 88 38
51 7 31
1 54 73
56 6 32
33 55 85
76 86 17
34 78 21
98 6 75
42 58 87
67 54 42
22 41 17
79 40 83
37 77 96
75 12 4
88 17 100
58 86 97
64 96 55
29 90 66
14 98 61
66 96 69
75 96 31
100 23 20
52 56 84
83 53 23
34 14 7
69 3 81
54 7 5
22 97 31
50 22 86
74 3 72
94 53 82
84 5 4
14 10 10
34 44 91
46 26 68
67 7 97
59 46 2
6 36 66
13 45 52
46 60 37
60 81 24
61 53 3
53 22 1
13 28 46
30 83 16
15 100 82
55 82 21
78 22 46
10 36 76
30 65 81
50 42 68
54 31 99
0 57 27
93 24 72
99 97 98
32 43 54
100 31 11
78 21 43
0 20 25
51 61 55
53 89 74
47 66 45
97 76 47
51 66 33
8 64 34
78 92 39
30 94 18
57 52 31
68 23 60
34 78 66
5 19 45
34 26 6
32 68 96
15 40 98
96 44 13
93 61 47
97 81 53
23 66 83
31 90 6
14 81 78
57 41 42
53 3 4
17 8 18
10 28 72
10 72 100
2 59 23
23 58 58
44 19 7
20 46 39
54 83 44
0 68 90
29 37 5
88 55 34
35 35 60
42 12 84
63 42 23
31 32 20
84 90 1
29 35 24
100 91 18
100 26 16
12 55 55
4 38 5
3 40 45
96 2 72
4 64 27
56 83 72
22 45 39
95 85 81
46 13 17
93 91 57
89 80 48
97 87 65
8 87 8
10 33 56
30 25 5
69 74 98
25 43 87
21 84 62
41 67 73
0 33 60
79 91 11
76 78 55
74 9 58
31 47 82
79 100 64
14 33 90
84 79 77
97 14 17
69 91 72
85 68 41
30 5 25
53 80 34
79 31 94
62 24 38
6 90 18
82 56 91
83 98 82
10 37 85
97 10 91
38 2 57
19 53 6
48 46 58
86 89 75
1 90 31
8 20 80
65 83 43
22 88 73
25 93 2
57 87 8
94 11 37
19 8 1
69 44 38
81 53 85
82 42 37
27 56 28
12 98 95
77 83 58
76 7 28
60 83 20
69 96 28
19 41 36
0 10 42
59 89 41
57 58 89
61 9 64
47 66 68
56 44 57
41 85 37
53 76 77
24 98 37
53 6 61
77 46 98
90 22 23
39 43 22
95 85 18
85 84 21
1 23 57
25 63 58
54 53 91
58 58 81
66 89 30
7 55 65
100 9 27
59 82 94
35 57 4
91 10 23
13 98 74
68 45 5
91 59 33
16 66 96
79 13 6
68 63 40
13 68 39
85 85 71
74 32 16
47 71 80
52 60 75
61 88 67
90 14 81
24 8 15
2 72 59
26 54 1
31 37 19
98 96 13
86 33 83
17 17 24
99 8 47
87 40 57
65 42 19
75 83 75
68 47 78
81 8 37
93 54 6
42 62 90
61 11 61
38 6 39
85 7 21
97 37 34
54 36 40
62 44 84
63 5 13
64 20 30
31 9 89
56 92 59
41 5 75
21 89 97
62 18 5
66 26 38
26 26 94
67 58 20
16 88 96
74 76 22
13 9 61
100 39 9
30 64 56
75 55 81
79 87 63
56 61 7
46 4 73
66 43 12
40 29 19
7 52 70
36 64 15
84 18 41
51 16 84
59 8 29
22 14 70
64 16 62
35 45 55
90 58 66
67 68 52
14 59 83
83 21 71
63 43 23
18 57 73
1 94 5
31 8 81
83 62 4
66 98 21
82 28 71
21 63 84
17 46 54
79 37 2
75 37 68
16 86 48
82 94 57
62 17 79
8 78 93
